[
    [
            "mask.011.tif",
            "-0.31125414955949204,-0.9503267092858106,0.9503267092858106,-0.31125414955949204,2042.2615299512076,1610.5829708395436",
            "Forward affine matrix: ",
            "[[-0.31125414955949204, 0.9503267092858106, 2042.2615299512076], [-0.9503267092858106, -0.31125414955949204, 1610.5829708395436], [0.0, 0.0, 1.0]]",
            "Backward affine matrix: ",
            "[[-0.31125414955949193, -0.9503267092858104, 2166.242390392738], [0.9503267092858103, -0.311254149559492, -1439.5150463758732], [0.0, 0.0, 1.0]]"
    ],
    [
            "mask.014.tif",
            "-0.09727738135669267,-0.9952573089791331,0.9952573089791331,-0.09727738135669267,1926.3728586199081,1692.5550642794087",
            "Forward affine matrix: ",
            "[[-0.09727738135669267, 0.9952573089791331, 1926.3728586199081], [-0.9952573089791331, -0.09727738135669267, 1692.5550642794087], [0.0, 0.0, 1.0]]",
            "Backward affine matrix: ",
            "[[-0.09727738135669256, -0.995257308979132, 1871.9203057768768], [0.995257308979132, -0.09727738135669257, -1752.5893429053783], [0.0, 0.0, 1.0]]"
    ],
    [
            "mask.016.tif",
            "-0.044934628565026405,-0.9989899294566108,-0.9989899294566108,0.044934628565026405,2448.351615898605,1821.7528142043811",
            "Forward affine matrix: ",
            "[[-0.044934628565026405, -0.9989899294566108, 2448.351615898605], [-0.9989899294566108, 0.044934628565026405, 1821.7528142043811], [0.0, 0.0, 1.0]]",
            "Backward affine matrix: ",
            "[[-0.044934628565026356, -0.9989899294566096, 1929.9284858064007], [-0.9989899294566097, 0.044934628565026356, 2364.018822007958], [0.0, 0.0, 1.0]]"
    ],
    [
            "mask.017.tif",
            "-0.05015777742053772,0.9987413065274868,-0.9987413065274868,-0.05015777742053772,2424.4968752001732,938.085843488279",
            "Forward affine matrix: ",
            "[[-0.05015777742053772, -0.9987413065274868, 2424.4968752001732], [0.9987413065274868, -0.05015777742053772, 938.085843488279], [0.0, 0.0, 1.0]]",
            "Backward affine matrix: ",
            "[[-0.050157777420537744, 0.9987413065274872, -815.297706337344], [-0.9987413065274873, -0.050157777420537744, 2468.497477748274], [0.0, 0.0, 1.0]]"
    ],
    [
            "mask.018.tif",
            "-0.10411549051191088,0.9945652138675799,-0.9945652138675799,-0.10411549051191088,2463.177886606118,997.5414438152034",
            "Forward affine matrix: ",
            "[[-0.10411549051191088, -0.9945652138675799, 2463.177886606118], [0.9945652138675799, -0.10411549051191088, 997.5414438152034], [0.0, 0.0, 1.0]]",
            "Backward affine matrix: ",
            "[[-0.10411549051191081, 0.9945652138675792, -735.6650455277537], [-0.9945652138675791, -0.10411549051191081, 2553.650558315085], [0.0, 0.0, 1.0]]"
    ],
    [
            "mask.019.tif",
            "-0.11447368211005755,0.993426281162405,-0.993426281162405,-0.11447368211005755,2405.935178246886,892.4770743468894",
            "Forward affine matrix: ",
            "[[-0.11447368211005755, -0.993426281162405, 2405.935178246886], [0.993426281162405, -0.11447368211005755, 892.4770743468894], [0.0, 0.0, 1.0]]",
            "Backward affine matrix: ",
            "[[-0.11447368211005757, 0.9934262811624048, -611.1939222190947], [-0.993426281162405, -0.11447368211005757, 2492.284373742912], [0.0, 0.0, 1.0]]"
    ],
    [
            "mask.020.tif",
            "0.15591636087296865,0.9877702609474178,-0.9877702609474178,0.15591636087296865,2331.3735972584564,840.7879434460974",
            "Forward affine matrix: ",
            "[[0.15591636087296865, -0.9877702609474178, 2331.3735972584564], [0.9877702609474178, 0.15591636087296865, 840.7879434460974], [0.0, 0.0, 1.0]]",
            "Backward affine matrix: ",
            "[[0.1559163608729687, 0.9877702609474183, -1194.0046134190554], [-0.9877702609474182, 0.15591636087296873, 2171.7689101219235], [0.0, 0.0, 1.0]]"
    ],
    [
            "mask.022.tif",
            "0.14617090498815924,0.9892593525132531,-0.9892593525132531,0.14617090498815924,2338.105737050765,837.0841948614861",
            "Forward affine matrix: ",
            "[[0.14617090498815924, -0.9892593525132531, 2338.105737050765], [0.9892593525132531, 0.14617090498815924, 837.0841948614861], [0.0, 0.0, 1.0]]",
            "Backward affine matrix: ",
            "[[0.1461709049881595, 0.9892593525132549, -1169.856400150471], [-0.9892593525132548, 0.14617090498815952, 2190.635613228178], [0.0, 0.0, 1.0]]"
    ],
    [
            "mask.023.tif",
            "-0.6436787199028958,0.7652958287774541,-0.7652958287774541,-0.6436787199028958,2669.3385747762513,1596.0304105708167",
            "Forward affine matrix: ",
            "[[-0.6436787199028958, -0.7652958287774541, 2669.3385747762513], [0.7652958287774541, -0.6436787199028958, 1596.0304105708167], [0.0, 0.0, 1.0]]",
            "Backward affine matrix: ",
            "[[-0.6436787199028953, 0.7652958287774533, 496.7610209875841], [-0.7652958287774534, -0.6436787199028954, 3070.164488473333], [0.0, 0.0, 1.0]]"
    ],
    [
            "mask.024.tif",
            "-0.20292639447474473,0.9791939942756395,-0.9791939942756395,-0.20292639447474473,2689.6042576306236,923.8304060110174",
            "Forward affine matrix: ",
            "[[-0.20292639447474473, -0.9791939942756395, 2689.6042576306236], [0.9791939942756395, -0.20292639447474473, 923.8304060110174], [0.0, 0.0, 1.0]]",
            "Backward affine matrix: ",
            "[[-0.2029263944747446, 0.9791939942756388, -358.8174907303088], [-0.9791939942756388, -0.20292639447474461, 2821.1139094480495], [0.0, 0.0, 1.0]]"
    ],
    [
            "mask.025.tif",
            "0.3220359733940084,0.9467274327070998,-0.9467274327070998,0.3220359733940084,2277.4115452697074,308.6524363057548",
            "Forward affine matrix: ",
            "[[0.3220359733940084, -0.9467274327070998, 2277.4115452697074], [0.9467274327070998, 0.3220359733940084, 308.6524363057548], [0.0, 0.0, 1.0]]",
            "Backward affine matrix: ",
            "[[0.3220359733940075, 0.9467274327070972, -1025.6181724222192], [-0.9467274327070972, 0.3220359733940075, 2056.6907977045375], [0.0, 0.0, 1.0]]"
    ],
    [
            "mask.026.tif",
            "0.024699718815542924,0.9996949154069115,-0.9996949154069115,0.024699718815542924,2488.8566705603,610.7589072091631",
            "Forward affine matrix: ",
            "[[0.024699718815542924, -0.9996949154069115, 2488.8566705603], [0.9996949154069115, 0.024699718815542924, 610.7589072091631], [0.0, 0.0, 1.0]]",
            "Backward affine matrix: ",
            "[[0.024699718815542955, 0.9996949154069128, -672.0466340115107], [-0.9996949154069127, 0.02469971881554296, 2473.0117854635546], [0.0, 0.0, 1.0]]"
    ],
    [
            "mask.027.tif",
            "-0.1061293566451262,0.9943523317507187,-0.9943523317507187,-0.1061293566451262,2828.532922314602,734.4572112627726",
            "Forward affine matrix: ",
            "[[-0.1061293566451262, -0.9943523317507187, 2828.532922314602], [0.9943523317507187, -0.1061293566451262, 734.4572112627726], [0.0, 0.0, 1.0]]",
            "Backward affine matrix: ",
            "[[-0.10612935664512622, 0.9943523317507189, -430.1188612954608], [-0.994352331750719, -0.10612935664512622, 2890.5057780518914], [0.0, 0.0, 1.0]]"
    ],
    [
            "mask.028.tif",
            "0.5810242089807505,0.8138862749661603,-0.8138862749661603,0.5810242089807505,1998.6568777690863,367.33024203148113",
            "Forward affine matrix: ",
            "[[0.5810242089807505, -0.8138862749661603, 1998.6568777690863], [0.8138862749661603, 0.5810242089807505, 367.33024203148113], [0.0, 0.0, 1.0]]",
            "Backward affine matrix: ",
            "[[0.581024208980751, 0.8138862749661611, -1460.2330737991415], [-0.8138862749661611, 0.581024208980751, 1413.2516378719304], [0.0, 0.0, 1.0]]"
    ],
    [
            "mask.030.tif",
            "0.21677662999653355,0.9762212314262306,-0.9762212314262306,0.21677662999653355,2547.8192697447917,404.1610388210991",
            "Forward affine matrix: ",
            "[[0.21677662999653355, -0.9762212314262306, 2547.8192697447917], [0.9762212314262306, 0.21677662999653355, 404.1610388210991], [0.0, 0.0, 1.0]]",
            "Backward affine matrix: ",
            "[[0.2167766299965335, 0.9762212314262305, -946.8582621479427], [-0.9762212314262304, 0.21677662999653352, 2399.6225969902034], [0.0, 0.0, 1.0]]"
    ],
    [
            "mask.031.tif",
            "0.9555338623774398,0.2948813962427113,-0.2948813962427113,0.9555338623774398,1238.5689477605997,324.68171544660476",
            "Forward affine matrix: ",
            "[[0.9555338623774398, -0.2948813962427113, 1238.5689477605997], [0.2948813962427113, 0.9555338623774398, 324.68171544660476], [0.0, 0.0, 1.0]]",
            "Backward affine matrix: ",
            "[[0.9555338623774409, 0.29488139624271165, -1279.2371680598221], [-0.29488139624271165, 0.9555338623774408, 54.986567054484375], [0.0, 0.0, 1.0]]"
    ],
    [
            "mask.032.tif",
            "0.010761195163526322,0.9999420966629283,-0.9999420966629283,0.010761195163526322,2730.872829807235,558.951845358629",
            "Forward affine matrix: ",
            "[[0.010761195163526322, -0.9999420966629283, 2730.872829807235], [0.9999420966629283, 0.010761195163526322, 558.951845358629], [0.0, 0.0, 1.0]]",
            "Backward affine matrix: ",
            "[[0.010761195163526317, 0.9999420966629278, -588.3069356698471], [-0.9999420966629278, 0.010761195163526317, 2724.699713262352], [0.0, 0.0, 1.0]]"
    ],
    [
            "mask.034.tif",
            "-0.23041470505833425,-0.9730925257614922,0.9730925257614922,-0.23041470505833425,843.4838522380021,3143.9837483959823",
            "Forward affine matrix: ",
            "[[-0.23041470505833425, 0.9730925257614922, 843.4838522380021], [-0.9730925257614922, -0.23041470505833425, 3143.9837483959823], [0.0, 0.0, 1.0]]",
            "Backward affine matrix: ",
            "[[-0.23041470505833436, -0.9730925257614927, 3253.738169714619], [0.9730925257614926, -0.23041470505833436, -96.36774411845433], [0.0, 0.0, 1.0]]"
    ],
    [
            "mask.035.tif",
            "-0.41011329421095605,-0.9120345859184491,0.9120345859184491,-0.41011329421095605,1162.9155461004311,3336.445759015598",
            "Forward affine matrix: ",
            "[[-0.41011329421095605, 0.9120345859184491, 1162.9155461004311], [-0.9120345859184491, -0.41011329421095605, 3336.445759015598], [0.0, 0.0, 1.0]]",
            "Backward affine matrix: ",
            "[[-0.41011329421095644, -0.9120345859184499, 3519.8810517635407], [0.91203458591845, -0.4101132942109565, 307.70156264022717], [0.0, 0.0, 1.0]]"
    ],
    [
            "mask.037.tif",
            "0.25733762614645894,-0.9663215542299088,0.9663215542299088,0.25733762614645894,539.515579020682,2751.928007703625",
            "Forward affine matrix: ",
            "[[0.25733762614645894, 0.9663215542299088, 539.515579020682], [-0.9663215542299088, 0.25733762614645894, 2751.928007703625], [0.0, 0.0, 1.0]]",
            "Backward affine matrix: ",
            "[[0.2573376261464586, -0.9663215542299076, 2520.409691158766], [0.9663215542299075, 0.2573376261464586, -1229.520153678918], [0.0, 0.0, 1.0]]"
    ],
    [
            "mask.038.tif",
            "0.05036660193765214,-0.9987307972668367,0.9987307972668367,0.05036660193765214,607.4979273307695,2991.350433920532",
            "Forward affine matrix: ",
            "[[0.05036660193765214, 0.9987307972668367, 607.4979273307695], [-0.9987307972668367, 0.05036660193765214, 2991.350433920532], [0.0, 0.0, 1.0]]",
            "Backward affine matrix: ",
            "[[0.050366601937652286, -0.9987307972668396, 2956.9561974901417], [0.9987307972668394, 0.050366601937652286, -757.3910458623109], [0.0, 0.0, 1.0]]"
    ],
    [
            "mask.039.tif",
            "-0.4511172031856209,-0.8924647158235363,0.8924647158235363,-0.4511172031856209,1156.9339354497763,3370.5586991252567",
            "Forward affine matrix: ",
            "[[-0.4511172031856209, 0.8924647158235363, 1156.9339354497763], [-0.8924647158235363, -0.4511172031856209, 3370.5586991252567], [0.0, 0.0, 1.0]]",
            "Backward affine matrix: ",
            "[[-0.4511172031856199, -0.8924647158235345, 3530.017512812], [0.8924647158235343, -0.4511172031856199, 487.9942975945592], [0.0, 0.0, 1.0]]"
    ],
    [
            "mask.040.tif",
            "-0.5139770814841516,-0.857803916818425,0.857803916818425,-0.5139770814841516,1267.252994813,3397.390938254869",
            "Forward affine matrix: ",
            "[[-0.5139770814841516, 0.857803916818425, 1267.252994813], [-0.857803916818425, -0.5139770814841516, 3397.390938254869], [0.0, 0.0, 1.0]]",
            "Backward affine matrix: ",
            "[[-0.5139770814841528, -0.8578039168184272, 3565.6342495744952], [0.8578039168184269, -0.5139770814841528, 659.126496554472], [0.0, 0.0, 1.0]]"
    ],
    [
            "mask.041.tif",
            "0.19149245101795873,0.9814940861783805,-0.9814940861783805,0.19149245101795873,2520.6366754641945,580.1321949437555",
            "Forward affine matrix: ",
            "[[0.19149245101795873, -0.9814940861783805, 2520.6366754641945], [0.9814940861783805, 0.19149245101795873, 580.1321949437555], [0.0, 0.0, 1.0]]",
            "Backward affine matrix: ",
            "[[0.19149245101795875, 0.9814940861783809, -1052.0792136493772], [-0.9814940861783809, 0.19149245101795878, 2362.8990544482335], [0.0, 0.0, 1.0]]"
    ],
    [
            "mask.042.tif",
            "0.17524671656329183,0.9845245493809616,-0.9845245493809616,0.17524671656329183,2534.1801601639568,515.0536606818353",
            "Forward affine matrix: ",
            "[[0.17524671656329183, -0.9845245493809616, 2534.1801601639568], [0.9845245493809616, 0.17524671656329183, 515.0536606818353], [0.0, 0.0, 1.0]]",
            "Backward affine matrix: ",
            "[[0.17524671656329183, 0.9845245493809615, -951.1897254383688], [-0.9845245493809615, 0.17524671656329183, 2404.7011173471965], [0.0, 0.0, 1.0]]"
    ],
    [
            "mask.043.tif",
            "-0.40191176168302917,0.9156784019626353,-0.9156784019626353,-0.40191176168302917,2931.4992605521747,1147.1673673142109",
            "Forward affine matrix: ",
            "[[-0.40191176168302917, -0.9156784019626353, 2931.4992605521747], [0.9156784019626353, -0.40191176168302917, 1147.1673673142109], [0.0, 0.0, 1.0]]",
            "Backward affine matrix: ",
            "[[-0.40191176168302856, 0.915678401962634, 127.76765049506167], [-0.915678401962634, -0.40191176168302856, 3145.370615799595], [0.0, 0.0, 1.0]]"
    ],
    [
            "mask.044.tif",
            "0.47189732988094063,0.8816535090676156,-0.8816535090676156,0.47189732988094063,2129.7626191968566,384.38393712508747",
            "Forward affine matrix: ",
            "[[0.47189732988094063, -0.8816535090676156, 2129.7626191968566], [0.8816535090676156, 0.47189732988094063, 384.38393712508747], [0.0, 0.0, 1.0]]",
            "Backward affine matrix: ",
            "[[0.47189732988093996, 0.8816535090676143, -1343.9227402747924], [-0.8816535090676144, 0.47189732988093996, 1696.32293311749], [0.0, 0.0, 1.0]]"
    ],
    [
            "mask.045.tif",
            "0.3777587493590253,0.925904059437425,-0.925904059437425,0.3777587493590253,2254.6592187271262,470.7548795047185",
            "Forward affine matrix: ",
            "[[0.3777587493590253, -0.925904059437425, 2254.6592187271262], [0.925904059437425, 0.3777587493590253, 470.7548795047185], [0.0, 0.0, 1.0]]",
            "Backward affine matrix: ",
            "[[0.37775874935902615, 0.9259040594374272, -1287.5911006305537], [-0.9259040594374272, 0.3777587493590262, 1909.7663487311024], [0.0, 0.0, 1.0]]"
    ],
    [
            "mask.046.tif",
            "0.15231623628786348,0.9883318087378846,-0.9883318087378846,0.15231623628786348,2521.8462239345636,575.4817309230881",
            "Forward affine matrix: ",
            "[[0.15231623628786348, -0.9883318087378846, 2521.8462239345636], [0.9883318087378846, 0.15231623628786348, 575.4817309230881], [0.0, 0.0, 1.0]]",
            "Backward affine matrix: ",
            "[[0.15231623628786367, 0.9883318087378858, -952.8850253452988], [-0.9883318087378858, 0.15231623628786367, 2404.765628553425], [0.0, 0.0, 1.0]]"
    ],
    [
            "mask.047.tif",
            "0.58710413466175,0.8095114175001351,-0.8095114175001351,0.58710413466175,2081.5834047153985,471.15595105125544",
            "Forward affine matrix: ",
            "[[0.58710413466175, -0.8095114175001351, 2081.5834047153985], [0.8095114175001351, 0.58710413466175, 471.15595105125544], [0.0, 0.0, 1.0]]",
            "Backward affine matrix: ",
            "[[0.5871041346617498, 0.8095114175001348, -1603.512345350819], [-0.8095114175001348, 0.5871041346617498, 1408.447925663238], [0.0, 0.0, 1.0]]"
    ],
    [
            "mask.048.tif",
            "0.3847928097890361,0.9230029759078028,-0.9230029759078028,0.3847928097890361,2243.7577095756437,399.80748479213037",
            "Forward affine matrix: ",
            "[[0.3847928097890361, -0.9230029759078028, 2243.7577095756437], [0.9230029759078028, 0.3847928097890361, 399.80748479213037], [0.0, 0.0, 1.0]]",
            "Backward affine matrix: ",
            "[[0.3847928097890356, 0.9230029759078016, -1232.4053318067722], [-0.9230029759078014, 0.3847928097890356, 1917.1519977065404], [0.0, 0.0, 1.0]]"
    ],
    [
            "mask.049.tif",
            "-0.0975874376877314,-0.9952269550235981,0.9952269550235981,-0.0975874376877314,648.3526618690773,3295.0248014853196",
            "Forward affine matrix: ",
            "[[-0.0975874376877314, 0.9952269550235981, 648.3526618690773], [-0.9952269550235981, -0.0975874376877314, 3295.0248014853196], [0.0, 0.0, 1.0]]",
            "Backward affine matrix: ",
            "[[-0.0975874376877314, -0.9952269550235981, 3342.5685748992937], [0.9952269550235983, -0.0975874376877314, -323.7050179589283], [0.0, 0.0, 1.0]]"
    ],
    [
            "mask.050.tif",
            "0.25450834109217424,-0.9670705787658475,0.9670705787658475,0.25450834109217424,329.6355840209899,2745.166144499367",
            "Forward affine matrix: ",
            "[[0.25450834109217424, 0.9670705787658475, 329.6355840209899], [-0.9670705787658475, 0.25450834109217424, 2745.166144499367], [0.0, 0.0, 1.0]]",
            "Backward affine matrix: ",
            "[[0.2545083410921738, -0.9670705787658458, 2570.8744065152764], [0.9670705787658458, 0.2545083410921738, -1017.4485564799288], [0.0, 0.0, 1.0]]"
    ],
    [
            "mask.051.tif",
            "-0.17544146113115966,-0.9844898647097211,0.9844898647097211,-0.17544146113115966,693.5271404911957,3353.489553303666",
            "Forward affine matrix: ",
            "[[-0.17544146113115966, 0.9844898647097211, 693.5271404911957], [-0.9844898647097211, -0.17544146113115966, 3353.489553303666], [0.0, 0.0, 1.0]]",
            "Backward affine matrix: ",
            "[[-0.17544146113115944, -0.9844898647097198, 3423.1498914992753], [0.9844898647097199, -0.17544146113115944, -94.42933359502187], [0.0, 0.0, 1.0]]"
    ],
    [
            "mask.052.tif",
            "-0.4641845681805422,-0.8857384979005061,0.8857384979005061,-0.4641845681805422,1100.2704009354272,3441.645694148753",
            "Forward affine matrix: ",
            "[[-0.4641845681805422, 0.8857384979005061, 1100.2704009354272], [-0.8857384979005061, -0.4641845681805422, 3441.645694148753], [0.0, 0.0, 1.0]]",
            "Backward affine matrix: ",
            "[[-0.4641845681805417, -0.885738497900505, 3559.1266283811], [0.8857384979005051, -0.4641845681805416, 623.0069681599276], [0.0, 0.0, 1.0]]"
    ],
    [
            "mask.054.tif",
            "0.3751063760051314,-0.9269817725717686,0.9269817725717686,0.3751063760051314,159.42915912593173,2586.2358179303783",
            "Forward affine matrix: ",
            "[[0.3751063760051314, 0.9269817725717686, 159.42915912593173], [-0.9269817725717686, 0.3751063760051314, 2586.2358179303783], [0.0, 0.0, 1.0]]",
            "Backward affine matrix: ",
            "[[0.37510637600513097, -0.9269817725717675, 2337.5905686844235], [0.9269817725717675, 0.37510637600513097, -1117.9014696847125], [0.0, 0.0, 1.0]]"
    ],
    [
            "mask.055.tif",
            "-0.4722587701137351,-0.881459956010856,0.881459956010856,-0.4722587701137351,1006.7899495216425,3458.450302609586",
            "Forward affine matrix: ",
            "[[-0.4722587701137351, 0.881459956010856, 1006.7899495216425], [-0.881459956010856, -0.4722587701137351, 3458.450302609586], [0.0, 0.0, 1.0]]",
            "Backward affine matrix: ",
            "[[-0.472258770113736, -0.8814599560108578, 3523.950834927945], [0.8814599560108577, -0.47225877011373607, 745.8384617923606], [0.0, 0.0, 1.0]]"
    ],
    [
            "mask.056.tif",
            "-0.3511488145332931,-0.9363196623225762,0.9363196623225762,-0.3511488145332931,929.4213766955606,3454.6845459216734",
            "Forward affine matrix: ",
            "[[-0.3511488145332931, 0.9363196623225762, 929.4213766955606], [-0.9363196623225762, -0.3511488145332931, 3454.6845459216734], [0.0, 0.0, 1.0]]",
            "Backward affine matrix: ",
            "[[-0.351148814533293, -0.936319662322576, 3561.0542820969504], [0.936319662322576, -0.35114881453329305, 342.87287330391223], [0.0, 0.0, 1.0]]"
    ],
    [
            "mask.058.tif",
            "-0.9642032117681579,0.26516441393212625,-0.26516441393212625,-0.9642032117681579,3245.60445075089,2787.429077515543",
            "Forward affine matrix: ",
            "[[-0.9642032117681579, -0.26516441393212625, 3245.60445075089], [0.26516441393212625, -0.9642032117681579, 2787.429077515543], [0.0, 0.0, 1.0]]",
            "Backward affine matrix: ",
            "[[-0.9642032117681587, 0.2651644139321265, 2390.295237826262], [-0.2651644139321265, -0.9642032117681587, 3548.2668711553038], [0.0, 0.0, 1.0]]"
    ],
    [
            "mask.059.tif",
            "-0.9907596122236608,0.13562960881172184,-0.13562960881172184,-0.9907596122236608,3188.6347706225292,2874.4467241263683",
            "Forward affine matrix: ",
            "[[-0.9907596122236608, -0.13562960881172184, 3188.6347706225292], [0.13562960881172184, -0.9907596122236608, 2874.4467241263683], [0.0, 0.0, 1.0]]",
            "Backward affine matrix: ",
            "[[-0.9907596122236615, 0.13562960881172192, 2769.310464121466], [-0.13562960881172195, -0.9907596122236614, 3280.3590083360027], [0.0, 0.0, 1.0]]"
    ],
    [
            "mask.061.tif",
            "-0.9916470004846657,-0.1289814964627275,0.1289814964627275,-0.9916470004846657,2538.3788986333166,3255.10102317243",
            "Forward affine matrix: ",
            "[[-0.9916470004846657, 0.1289814964627275, 2538.3788986333166], [-0.1289814964627275, -0.9916470004846657, 3255.10102317243], [0.0, 0.0, 1.0]]",
            "Backward affine matrix: ",
            "[[-0.9916470004846665, -0.1289814964627276, 2937.0236220294355], [0.1289814964627276, -0.9916470004846666, 2900.5072569683734], [0.0, 0.0, 1.0]]"
    ],
    [
            "mask.062.tif",
            "-0.9977037129601539,0.06772961793427758,-0.06772961793427758,-0.9977037129601539,3170.9211595696374,3032.6968010002283",
            "Forward affine matrix: ",
            "[[-0.9977037129601539, -0.06772961793427758, 3170.9211595696374], [0.06772961793427758, -0.9977037129601539, 3032.6968010002283], [0.0, 0.0, 1.0]]",
            "Backward affine matrix: ",
            "[[-0.9977037129601535, 0.06772961793427755, 2958.2364187642916], [-0.06772961793427755, -0.9977037129601535, 3240.4981372776756], [0.0, 0.0, 1.0]]"
    ],
    [
            "mask.063.tif",
            "-0.9982565849628097,0.059023644231684054,-0.059023644231684054,-0.9982565849628097,3149.0396814600817,3053.6100506017024",
            "Forward affine matrix: ",
            "[[-0.9982565849628097, -0.059023644231684054, 3149.0396814600817], [0.059023644231684054, -0.9982565849628097, 3053.6100506017024], [0.0, 0.0, 1.0]]",
            "Backward affine matrix: ",
            "[[-0.9982565849628101, 0.059023644231684075, 2963.314405077707], [-0.05902364423168408, -0.99825658496281, 3234.1541387517245], [0.0, 0.0, 1.0]]"
    ],
    [
            "mask.064.tif",
            "-0.9981646049805699,0.060559238469329695,-0.060559238469329695,-0.9981646049805699,3045.0241562733695,3117.890847238381",
            "Forward affine matrix: ",
            "[[-0.9981646049805699, -0.060559238469329695, 3045.0241562733695], [0.060559238469329695, -0.9981646049805699, 3117.890847238381], [0.0, 0.0, 1.0]]",
            "Backward affine matrix: ",
            "[[-0.9981646049805676, 0.06055923846932956, 2850.618238763645], [-0.060559238469329556, -0.9981646049805677, 3296.572629930854], [0.0, 0.0, 1.0]]"
    ],
    [
            "mask.065.tif",
            "-0.1776683278256081,-0.9840904253612337,0.9840904253612337,-0.1776683278256081,627.5185297050612,3333.84562804533",
            "Forward affine matrix: ",
            "[[-0.1776683278256081, 0.9840904253612337, 627.5185297050612], [-0.9840904253612337, -0.1776683278256081, 3333.84562804533], [0.0, 0.0, 1.0]]",
            "Backward affine matrix: ",
            "[[-0.17766832782560785, -0.9840904253612323, 3392.2957300440958], [0.9840904253612321, -0.17766832782560782, -25.21619885598153], [0.0, 0.0, 1.0]]"
    ],
    [
            "mask.066.tif",
            "-0.03200906904729552,0.9994875784614465,-0.9994875784614465,-0.03200906904729552,3086.416261266381,643.6475636859263",
            "Forward affine matrix: ",
            "[[-0.03200906904729552, -0.9994875784614465, 3086.416261266381], [0.9994875784614465, -0.03200906904729552, 643.6475636859263], [0.0, 0.0, 1.0]]",
            "Backward affine matrix: ",
            "[[-0.03200906904729549, 0.9994875784614458, -544.5244335954845], [-0.9994875784614456, -0.03200906904729549, 3105.43727440531], [0.0, 0.0, 1.0]]"
    ],
    [
            "mask.067.tif",
            "0.029165216941462766,0.9995746045797462,-0.9995746045797462,0.029165216941462766,3013.7111289819436,598.8750235619507",
            "Forward affine matrix: ",
            "[[0.029165216941462766, -0.9995746045797462, 3013.7111289819436], [0.9995746045797462, 0.029165216941462766, 598.8750235619507], [0.0, 0.0, 1.0]]",
            "Backward affine matrix: ",
            "[[0.0291652169414628, 0.9995746045797476, -686.515803745283], [-0.9995746045797476, 0.029165216941462804, 2994.962790086703], [0.0, 0.0, 1.0]]"
    ],
    [
            "mask.069.tif",
            "-0.12562846835058275,-0.9920773598565215,0.9920773598565215,-0.12562846835058275,548.1805987607071,3172.474947059678",
            "Forward affine matrix: ",
            "[[-0.12562846835058275, 0.9920773598565215, 548.1805987607071], [-0.9920773598565215, -0.12562846835058275, 3172.474947059678], [0.0, 0.0, 1.0]]",
            "Backward affine matrix: ",
            "[[-0.12562846835058283, -0.9920773598565221, 3216.2076586917383], [0.992077359856522, -0.12562846835058283, -145.284392663386], [0.0, 0.0, 1.0]]"
    ],
    [
            "mask.070.tif",
            "-0.07792659471397989,0.9969590993798503,-0.9969590993798503,-0.07792659471397989,3099.601151205637,764.620942190661",
            "Forward affine matrix: ",
            "[[-0.07792659471397989, -0.9969590993798503, 3099.601151205637], [0.9969590993798503, -0.07792659471397989, 764.620942190661], [0.0, 0.0, 1.0]]",
            "Backward affine matrix: ",
            "[[-0.07792659471397996, 0.9969590993798512, -520.7544432083873], [-0.9969590993798512, -0.07792659471397996, 3149.759878414635], [0.0, 0.0, 1.0]]"
    ],
    [
            "mask.072.tif",
            "-0.12434940611535529,0.9922384920969136,-0.9922384920969136,-0.12434940611535529,3108.368315674307,809.7910772487369",
            "Forward affine matrix: ",
            "[[-0.12434940611535529, -0.9922384920969136, 3108.368315674307], [0.9922384920969136, -0.12434940611535529, 809.7910772487369], [0.0, 0.0, 1.0]]",
            "Backward affine matrix: ",
            "[[-0.12434940611535547, 0.9922384920969152, -416.9821233609354], [-0.9922384920969151, -0.12434940611535548, 3184.9397299598963], [0.0, 0.0, 1.0]]"
    ],
    [
            "mask.073.tif",
            "-0.05703274035429851,-0.9983723085741513,0.9983723085741513,-0.05703274035429851,225.83148506633222,3262.412621578228",
            "Forward affine matrix: ",
            "[[-0.05703274035429851, 0.9983723085741513, 225.83148506633222], [-0.9983723085741513, -0.05703274035429851, 3262.412621578228], [0.0, 0.0, 1.0]]",
            "Backward affine matrix: ",
            "[[-0.05703274035429844, -0.9983723085741503, 3269.9822089781146], [0.99837230857415, -0.05703274035429844, -39.399569119345614], [0.0, 0.0, 1.0]]"
    ],
    [
            "mask.074.tif",
            "-0.133847124081607,-0.9910019916100482,0.9910019916100482,-0.133847124081607,591.4561692389807,3336.4363922555053",
            "Forward affine matrix: ",
            "[[-0.133847124081607, 0.9910019916100482, 591.4561692389807], [-0.9910019916100482, -0.133847124081607, 3336.4363922555053], [0.0, 0.0, 1.0]]",
            "Backward affine matrix: ",
            "[[-0.13384712408160712, -0.9910019916100491, 3385.5798168784145], [0.9910019916100491, -0.13384712408160715, -139.56182588126782], [0.0, 0.0, 1.0]]"
    ],
    [
            "mask.075.tif",
            "-0.03399434263141557,-0.9994220253071566,0.9994220253071566,-0.03399434263141557,177.0405602182094,3356.263261578709",
            "Forward affine matrix: ",
            "[[-0.03399434263141557, 0.9994220253071566, 177.0405602182094], [-0.9994220253071566, -0.03399434263141557, 3356.263261578709], [0.0, 0.0, 1.0]]",
            "Backward affine matrix: ",
            "[[-0.03399434263141554, -0.9994220253071557, 3360.341803814709], [0.9994220253071557, -0.033994342631415535, -62.84427197945745], [0.0, 0.0, 1.0]]"
    ],
    [
            "mask.076.tif",
            "-0.1324520125709028,-0.9911894190143061,-0.9911894190143061,0.1324520125709028,3241.257725622311,2849.0394179281784",
            "Forward affine matrix: ",
            "[[-0.1324520125709028, -0.9911894190143061, 3241.257725622311], [-0.9911894190143061, 0.1324520125709028, 2849.0394179281784], [0.0, 0.0, 1.0]]",
            "Backward affine matrix: ",
            "[[-0.13245201257090275, -0.9911894190143057, 3253.248834424749], [-0.9911894190143058, 0.13245201257090275, 2835.3393571367883], [0.0, 0.0, 1.0]]"
    ],
    [
            "mask.077.tif",
            "-0.08021934721368856,-0.996777235059373,0.996777235059373,-0.08021934721368856,454.72884254914266,3315.3240180988014",
            "Forward affine matrix: ",
            "[[-0.08021934721368856, 0.996777235059373, 454.72884254914266], [-0.996777235059373, -0.08021934721368856, 3315.3240180988014], [0.0, 0.0, 1.0]]",
            "Backward affine matrix: ",
            "[[-0.08021934721368866, -0.9967772350593743, 3341.117558994986], [0.9967772350593742, -0.08021934721368866, -187.31022984413474], [0.0, 0.0, 1.0]]"
    ],
    [
            "mask.078.tif",
            "-0.19010178799329536,-0.9817643862973195,0.9817643862973195,-0.19010178799329536,626.4535387962771,3510.1190710606083",
            "Forward affine matrix: ",
            "[[-0.19010178799329536, 0.9817643862973195, 626.4535387962771], [-0.9817643862973195, -0.19010178799329536, 3510.1190710606083], [0.0, 0.0, 1.0]]",
            "Backward affine matrix: ",
            "[[-0.19010178799329533, -0.9817643862973192, 3565.199833450234], [0.9817643862973193, -0.19010178799329533, 52.25013741787558], [0.0, 0.0, 1.0]]"
    ],
    [
            "mask.079.tif",
            "-0.17053409161353145,-0.9853517765740047,0.9853517765740047,-0.17053409161353145,509.3043436531208,3461.3084622597976",
            "Forward affine matrix: ",
            "[[-0.17053409161353145, 0.9853517765740047, 509.3043436531208], [-0.9853517765740047, -0.17053409161353145, 3461.3084622597976], [0.0, 0.0, 1.0]]",
            "Backward affine matrix: ",
            "[[-0.1705340916135315, -0.9853517765740051, 3497.4601961580397], [0.985351776574005, -0.17053409161353147, 88.42715457024399], [0.0, 0.0, 1.0]]"
    ],
    [
            "mask.080.tif",
            "-0.044799359420548426,-0.9989960046944676,0.9989960046944676,-0.044799359420548426,438.91327077321057,3266.945030664074",
            "Forward affine matrix: ",
            "[[-0.044799359420548426, 0.9989960046944676, 438.91327077321057], [-0.9989960046944676, -0.044799359420548426, 3266.945030664074], [0.0, 0.0, 1.0]]",
            "Backward affine matrix: ",
            "[[-0.04479935942054842, -0.9989960046944673, 3283.328066561671], [0.9989960046944675, -0.04479935942054842, -292.1155592739239], [0.0, 0.0, 1.0]]"
    ],
    [
            "mask.081.tif",
            "-0.129020962551722,-0.9916418664125815,0.9916418664125815,-0.129020962551722,448.9774804776247,3393.166866514066",
            "Forward affine matrix: ",
            "[[-0.129020962551722, 0.9916418664125815, 448.9774804776247], [-0.9916418664125815, -0.129020962551722, 3393.166866514066], [0.0, 0.0, 1.0]]",
            "Backward affine matrix: ",
            "[[-0.12902096255172188, -0.9916418664125807, 3422.7338312546062], [0.9916418664125806, -0.12902096255172188, -7.435211501794888], [0.0, 0.0, 1.0]]"
    ],
    [
            "mask.082.tif",
            "-0.08936488064942719,-0.9959989548721992,0.9959989548721992,-0.08936488064942719,328.65987790918916,3349.7407348488427",
            "Forward affine matrix: ",
            "[[-0.08936488064942719, 0.9959989548721992, 328.65987790918916], [-0.9959989548721992, -0.08936488064942719, 3349.7407348488427], [0.0, 0.0, 1.0]]",
            "Backward affine matrix: ",
            "[[-0.08936488064942723, -0.9959989548721997, 3365.7089217658913], [0.9959989548721997, -0.08936488064942723, -27.995713929685692], [0.0, 0.0, 1.0]]"
    ],
    [
            "mask.083.tif",
            "-0.20251766814161548,-0.9792786090232355,0.9792786090232355,-0.20251766814161548,615.2829159515757,3378.586927128471",
            "Forward affine matrix: ",
            "[[-0.20251766814161548, 0.9792786090232355, 615.2829159515757], [-0.9792786090232355, -0.20251766814161548, 3378.586927128471], [0.0, 0.0, 1.0]]",
            "Backward affine matrix: ",
            "[[-0.2025176681416154, -0.979278609023235, 3433.1835678483417], [0.979278609023235, -0.20251766814161537, 81.69014800698469], [0.0, 0.0, 1.0]]"
    ],
    [
            "mask.084.tif",
            "-0.10031224309910278,-0.9949560060044994,0.9949560060044994,-0.10031224309910278,388.8407631781996,3345.3030541339313",
            "Forward affine matrix: ",
            "[[-0.10031224309910278, 0.9949560060044994, 388.8407631781996], [-0.9949560060044994, -0.10031224309910278, 3345.3030541339313], [0.0, 0.0, 1.0]]",
            "Backward affine matrix: ",
            "[[-0.10031224309910289, -0.9949560060045004, 3367.4348547785253], [0.9949560060045005, -0.10031224309910289, -51.30459949706908], [0.0, 0.0, 1.0]]"
    ],
    [
            "mask.085.tif",
            "-0.17574126403602794,-0.9844363910964575,0.9844363910964575,-0.17574126403602794,636.9824702550104,3404.4462133357847",
            "Forward affine matrix: ",
            "[[-0.17574126403602794, 0.9844363910964575, 636.9824702550104], [-0.9844363910964575, -0.17574126403602794, 3404.4462133357847], [0.0, 0.0, 1.0]]",
            "Backward affine matrix: ",
            "[[-0.17574126403602824, -0.9844363910964592, 3463.404848429693], [0.9844363910964592, -0.17574126403602824, -28.76704333524939], [0.0, 0.0, 1.0]]"
    ],
    [
            "mask.086.tif",
            "0.9780748356084222,-0.20825372973744888,0.20825372973744888,0.9780748356084222,109.40111760387487,1042.9775154810059",
            "Forward affine matrix: ",
            "[[0.9780748356084222, 0.20825372973744888, 109.40111760387487], [-0.20825372973744888, 0.9780748356084222, 1042.9775154810059], [0.0, 0.0, 1.0]]",
            "Backward affine matrix: ",
            "[[0.9780748356084217, -0.2082537297374487, 110.20147751542964], [0.20825372973744874, 0.9780748356084216, -1042.893252775817], [0.0, 0.0, 1.0]]"
    ],
    [
            "mask.087.tif",
            "0.989617382273758,-0.14372695189711523,0.14372695189711523,0.989617382273758,99.58170539980426,924.9018931382224",
            "Forward affine matrix: ",
            "[[0.989617382273758, 0.14372695189711523, 99.58170539980426], [-0.14372695189711523, 0.989617382273758, 924.9018931382224], [0.0, 0.0, 1.0]]",
            "Backward affine matrix: ",
            "[[0.989617382273757, -0.14372695189711512, 34.385543284517226], [0.1437269518971151, 0.9896173822737572, -929.6115653293202], [0.0, 0.0, 1.0]]"
    ],
    [
            "mask.088.tif",
            "0.9982653839865367,-0.058874639142947036,0.058874639142947036,0.9982653839865367,0.011374523870415487,926.7887948849766",
            "Forward affine matrix: ",
            "[[0.9982653839865367, 0.058874639142947036, 0.011374523870415487], [-0.058874639142947036, 0.9982653839865367, 926.7887948849766], [0.0, 0.0, 1.0]]",
            "Backward affine matrix: ",
            "[[0.9982653839865369, -0.05887463914294704, 54.55300106714059], [0.05887463914294704, 0.9982653839865369, -925.1818418712592], [0.0, 0.0, 1.0]]"
    ],
    [
            "mask.089.tif",
            "0.999206873432411,-0.03981989559786796,0.03981989559786796,0.999206873432411,252.33314772566519,797.6984902945713",
            "Forward affine matrix: ",
            "[[0.999206873432411, 0.03981989559786796, 252.33314772566519], [-0.03981989559786796, 0.999206873432411, 797.6984902945713], [0.0, 0.0, 1.0]]",
            "Backward affine matrix: ",
            "[[0.9992068734324118, -0.039819895597867985, -220.36874500021403], [0.039819895597867985, 0.9992068734324117, -807.113694027311], [0.0, 0.0, 1.0]]"
    ],
    [
            "mask.090.tif",
            "0.9970105366748047,-0.07726570881975381,0.07726570881975381,0.9970105366748047,159.54113465470013,814.6909910583843",
            "Forward affine matrix: ",
            "[[0.9970105366748047, 0.07726570881975381, 159.54113465470013], [-0.07726570881975381, 0.9970105366748047, 814.6909910583843], [0.0, 0.0, 1.0]]",
            "Backward affine matrix: ",
            "[[0.9970105366748038, -0.07726570881975374, -96.11651539059599], [0.07726570881975374, 0.9970105366748037, -824.5825610742505], [0.0, 0.0, 1.0]]"
    ],
    [
            "mask.091.tif",
            "0.9987155424494832,0.05066818794701987,-0.05066818794701987,0.9987155424494832,120.52603004104935,661.9735463039759",
            "Forward affine matrix: ",
            "[[0.9987155424494832, -0.05066818794701987, 120.52603004104935], [0.05066818794701987, 0.9987155424494832, 661.9735463039759], [0.0, 0.0, 1.0]]",
            "Backward affine matrix: ",
            "[[0.9987155424494831, 0.05066818794701987, -153.91221953181443], [-0.05066818794701987, 0.9987155424494832, -655.0164338415555], [0.0, 0.0, 1.0]]"
    ],
    [
            "mask.092.tif",
            "0.17068043889435205,0.985326437166298,-0.985326437166298,0.17068043889435205,2978.4408236317563,494.39128677767394",
            "Forward affine matrix: ",
            "[[0.17068043889435205, -0.985326437166298, 2978.4408236317563], [0.985326437166298, 0.17068043889435205, 494.39128677767394], [0.0, 0.0, 1.0]]",
            "Backward affine matrix: ",
            "[[0.17068043889435222, 0.9853264371662989, -995.4983921650314], [-0.9853264371662988, 0.1706804388943522, 2850.353563246978], [0.0, 0.0, 1.0]]"
    ],
    [
            "mask.093.tif",
